$ANSIBLE_VAULT;1.1;AES256
31663465346263316638343438313264323831353666346430646133613635643939633664303435
3130313333376430353535633432363838623766663839320a363962363933356533323139373564
31316633386338633564376530656637343438633530346132366230396230623833316439336236
6462313662366139660a646564643231626434326130383838376333323839626232393266306635
64653035396539643230356164633039336438396263356630316137386565633965396665616433
38343330353837386461326133653431343839376532303137386436373533376138663933363534
31363333383463336539386234643365623736633563623565323765313730386232386262376131
38333464623337643833323464643330633630656235643966383035386563316136386166623335
66633630396365663462666665313133663431376333346436653430616536333035383732656234
30393738303265656333353737346138396166303135326134313566373663613332393237663961
37333165636264346330633637336339393730653034383632623665326332646165636364303466
63643633653734646337323134366633346338323037373431653437363032346137353663373637
62396630323937633761373035353938343938333966336637396235323035666264333734366165
30313032306532636466333735343864326165333264386535633034356261316564396262313232
34623865393339383037386561363534646539646430326332613630376333383533313661656264
35643131613834393930386130376630383139373330383364393934616636326333393038363432
39643539373666383634383930336664393535336233613238343361343232633730343331653332
36383232366663343431313937643639356665313931643062383539313431303364643333346434
66653463316432653265373765326435663664386136643632653938613337306337623236653137
62656530346163633137653066626464656463336533393466383331366231343538363733323263
62333966633433323861356364393532396566376337393565383766386235343732653936643436
30613064366662373465653962643361303137303932323866623632316335383334643463383935
39613665623066633739306533353430323630366332316235303963343331643435643435663665
34663862396538353164313762656438613333316635356662613138306666656366373565363433
3338
